index	quantile	normal_mean	normal_n	stress_mean	stress_n	R_stress_normal	bootstrap_mean	bootstrap_SE	CI_lower	CI_upper	contains_R_equals_1	block_length	n_bootstrap	confidence_level
DAX	0_5pct	0.04758994	3110	0.03386104	349	0.71151663	0.72614093	0.17575374	0.40785081	1.09050809	True	30	10000	0.95000000
DAX	5_25pct	0.06197162	3110	0.05567056	349	0.89832336	0.85008073	0.09563947	0.68226774	1.05732588	True	30	10000	0.95000000
DAX	25_75pct	0.05914483	3110	0.06878546	349	1.16300045	1.18319331	0.07172664	1.04534462	1.32736614	False	30	10000	0.95000000
DAX	75_95pct	0.05428795	3110	0.04675846	349	0.86130468	0.86011411	0.08604669	0.69521902	1.03515473	True	30	10000	0.95000000
DAX	95_100pct	0.04196439	3110	0.04327023	349	1.03111781	1.05912354	0.18573698	0.72908681	1.44954983	True	30	10000	0.95000000
WIG	0_5pct	0.03944078	3060	0.03197038	344	0.81059204	0.75596214	0.28973782	0.25364845	1.38106070	True	30	10000	0.95000000
WIG	5_25pct	0.05599433	3060	0.06040140	344	1.07870565	1.11009309	0.14999577	0.83598163	1.42088228	True	30	10000	0.95000000
WIG	25_75pct	0.06249376	3060	0.06674179	344	1.06797524	1.09644137	0.07592120	0.95342601	1.25159059	True	30	10000	0.95000000
WIG	75_95pct	0.05431166	3060	0.05050252	344	0.92986508	0.93273523	0.06953992	0.80037275	1.07076291	True	30	10000	0.95000000
WIG	95_100pct	0.03952681	3060	0.03549820	344	0.89807895	0.93153395	0.12798783	0.68928416	1.19601825	True	30	10000	0.95000000
OMXT	0_5pct	0.05105322	3074	0.04424839	345	0.86671091	0.90343242	0.21442260	0.51812887	1.35717304	True	30	10000	0.95000000
OMXT	5_25pct	0.05639009	3074	0.07678999	345	1.36176390	1.41382980	0.18351397	1.08440649	1.79662135	False	30	10000	0.95000000
OMXT	25_75pct	0.05590519	3074	0.05976559	345	1.06905268	1.08188619	0.09550551	0.90693381	1.28079539	True	30	10000	0.95000000
OMXT	75_95pct	0.05355374	3074	0.05521794	345	1.03107522	1.04359590	0.10814524	0.83872807	1.26151631	True	30	10000	0.95000000
OMXT	95_100pct	0.05349199	3074	0.03951903	345	0.73878407	0.78792133	0.15332611	0.52192801	1.11795493	True	30	10000	0.95000000
OMXR	0_5pct	0.04704406	3047	0.07851741	342	1.66901862	1.61151323	0.35469377	0.95524169	2.33796030	True	30	10000	0.95000000
OMXR	5_25pct	0.05470944	3047	0.06935446	342	1.26768724	1.26887860	0.11779113	1.04153190	1.50758261	False	30	10000	0.95000000
OMXR	25_75pct	0.05649753	3047	0.04594328	342	0.81319087	0.81771178	0.05367742	0.71524567	0.92534852	False	30	10000	0.95000000
OMXR	75_95pct	0.05209921	3047	0.06296863	342	1.20862928	1.22194580	0.14653098	0.96155738	1.53442985	True	30	10000	0.95000000
OMXR	95_100pct	0.05483643	3047	0.08695157	342	1.58565338	1.52176985	0.21718789	1.10041756	1.95489561	False	30	10000	0.95000000
OMXV	0_5pct	0.04524066	3052	0.07909519	343	1.74832073	1.86386531	0.40404512	1.15861875	2.71227730	False	30	10000	0.95000000
OMXV	5_25pct	0.05536362	3052	0.08495733	343	1.53453360	1.58733921	0.16774260	1.28298299	1.93948935	False	30	10000	0.95000000
OMXV	25_75pct	0.05939133	3052	0.05609161	343	0.94444095	0.94438505	0.06941702	0.81303382	1.08521381	True	30	10000	0.95000000
OMXV	75_95pct	0.05403870	3052	0.04914505	343	0.90944177	0.89068742	0.11824090	0.67062234	1.12764266	True	30	10000	0.95000000
OMXV	95_100pct	0.05190613	3052	0.05186528	343	0.99921311	1.06193496	0.19394267	0.71525384	1.47807813	True	30	10000	0.95000000
